1v2 0.686653386454183
0.6736165 0.6994729
0 0.01922789
0 0.01922789
0 0.01922789
0 0.01922789
0 0.01922789
0 0.01922789
0 0.01922789
0 0.01922789
0 0.01922789
0 0.01922789
0 0.01922789
0 0.01922789
0 0.01922789
0 0.01922789
0 0.01922789
0.6096039 0.7802435
0 0.03027297
0 0.03027297
0 0.03027297
0 0.03027297
0 0.03027297
0 0.03027297
0 0.03027297
0 0.03027297
0 0.03027297
0.6001707 0.7347018
0 0.01827534
0 0.01827534
0 0.01827534
0 0.01827534
0 0.01827534
0 0.01827534
0 0.01827534
0 0.01827534
0 0.01827534
0.6001707 0.7347018
0 0.01827534
0 0.01827534
0 0.01827534
0 0.01827534
0 0.01827534
0 0.01827534
0 0.01827534
0 0.01827534
0 0.01827534
0.6496704 0.7057365
0 0.00334791
0 0.00334791
0 0.00334791
0 0.00334791
0 0.00334791
0 0.00334791
0 0.00334791
0 0.00334791
0 0.00334791
